1009
1013
1019
1451
1021
1453
1031
1459
1033
1471
1039
1481
1049
1483
1051
1487
1061
1489
1063
1901
1493
1069
1907
1499
1087
1913
1511
1091
1931
1523
1093
1933
2351
1531
1097
1949
2357
1543
1103
1951
2801
2371
1549
1109
1973
3251
2803
2377
1553
1117
1979
3253
2819
2381
1559
1123
1987
3257
2833
2383
1567
1129
3701
1993
3259
2837
2389
1571
1151
3709
1997
3271
4153
2843
2393
1579
1153
4603
3719
1999
3299
4157
2851
2399
1583
1163
4621
3727
2003
3301
4159
2857
2411
1597
1171
4637
3733
2011
3307
4177
5051
2861
2417
1601
1181
4639
3739
2017
3313
4201
5059
5501
2879
2423
1607
1187
4643
3761
2027
3319
5953
4211
5077
5503
2887
2437
1609
1193
4649
3767
2029
3323
5981
6421
4217
5081
5507
2897
2441
1613
1201
4651
3769
2039
3329
5987
6857
6427
4219
5087
5519
2903
2447
7307
1619
1213
4657
3779
2053
3331
6007
6863
6449
4229
5099
5521
2909
2459
7309
1621
1217
4663
3793
2063
3343
6011
6869
6451
4231
5101
5527
2917
2467
7321
1627
1223
4673
3797
2069
3347
6029
6871
6469
4241
5107
5531
2927
2473
7331
1637
1229
4679
3803
2081
3359
6037
6883
6473
4243
5113
5557
2939
2477
7333
1657
1231
4691
3821
2083
3361
6043
6899
6907
6911
6481
4253
5119
5563
2953
9103
2503
7349
1663
1237
4703
3823
7753
2087
3371
6047
6917
6491
4259
5147
5569
2957
9109
2521
7351
1667
1249
4721
3833
7757
2089
3373
6053
6947
6521
4261
5153
5573
2963
9127
2531
7369
1669
1259
4723
3847
7759
2099
3389
6067
6949
6529
4271
5167
5581
2969
9133
2539
7393
1693
1277
4729
3851
2111
6073
6959
3391
6547
4273
5171
2971
5591
9137
2543
7411
1697
1279
4733
3853
2113
6079
6961
3407
6551
4283
5179
8209
2999
5623
9151
2549
7417
1699
1283
4751
3863
2129
6089
6967
3413
6553
4289
5189
8219
3001
5639
9157
2551
7433
1709
1289
4759
3877
2131
6091
6971
3433
6563
4297
5197
8221
3011
5641
9161
2557
7451
1721
1291
4783
3881
2137
6101
6977
3449
6569
4327
5209
8231
3019
5647
9173
2579
7457
1723
1297
4787
3889
2141
6113
6983
3457
6571
4337
5227
8233
3023
5651
9181
2591
7459
1733
1301
4789
3907
2143
6121
6991
3461
6577
4339
5231
8237
3037
5653
9187
2593
7477
1741
1303
4793
3911
2153
6131
6997
3463
6581
4349
5233
8243
3041
5657
9199
2609
7481
1747
1307
4799
3917
2161
6133
7001
3467
6599
4357
5237
8263
3049
5659
9203
2617
7487
1753
1319
4801
3919
2179
6143
7013
3469
6607
4363
5261
8269
3061
5669
9209
2621
7489
1759
1321
4813
3923
2203
6151
7019
3491
6619
4373
5273
8273
3067
5683
9221
2633
7499
1777
1327
4817
1361
3929
2207
8663
7027
3499
6637
4391
5279
8287
3079
5689
9227
2647
7507
1783
4831
1367
3931
6163
2213
8669
7039
3511
6653
4397
5281
8291
3083
5693
9239
2657
7517
1787
4861
1373
3943
6173
2221
8677
7043
3517
6659
4409
5297
8293
3089
5701
9241
2659
7523
1789
4871
1381
3947
6197
2237
8681
7057
3527
6661
4421
5303
8297
3109
5711
9257
2663
7529
1801
4877
1399
3967
6199
2239
8689
7069
3529
6673
4423
5309
8311
3119
5717
9277
2671
7537
1811
4889
1409
3989
6203
2243
8693
7079
3533
6679
4441
5323
8317
3121
5737
9281
2677
7541
1823
4903
1423
4001
6211
2251
8699
7103
3539
6689
4447
5333
8329
3137
5741
9283
2683
7547
1831
4909
1427
4003
6217
2267
7109
3541
6691
4451
8707
5347
8353
3163
5743
9293
2687
7549
1847
4919
1429
4007
6221
2269
7121
3547
8713
5351
8363
3167
5749
9311
2689
7559
1861
4931
1433
4013
6229
2273
7127
3557
5381
8369
8719
9551
3169
5779
9319
2693
7561
1867
4933
1439
4019
6247
2281
7129
3559
5387
8377
9587
8731
3181
5783
2699
6701
7573
1871
4937
1447
4021
6257
2287
7151
3571
5393
8387
9601
8737
3187
5791
2707
6703
7577
1873
4943
4027
6263
2293
7159
3581
5399
8389
9613
8741
3191
5801
2711
6709
7583
1877
4951
4049
6269
2297
7177
3583
5407
8419
9619
8747
3203
5807
9323
2713
6719
1879
7589
4957
4051
6271
2309
7187
3593
5413
8423
9623
8753
3209
5813
9337
2719
6733
1889
4967
7591
4057
6277
2311
7193
3607
5417
8429
9629
8761
3217
5821
2729
6737
4969
7603
4073
6287
2333
7207
3613
5419
8431
9631
3221
5827
8779
2731
6761
4973
7607
4079
6299
7211
3617
5431
8443
9643
3229
5839
2741
6763
8783
4987
2339
7621
4091
6301
7213
3623
5437
8447
9649
5843
2749
6779
8803
4993
2341
7639
4093
6311
7219
3631
5441
8461
9661
5849
2753
6781
8807
4999
2347
7643
4099
6317
7229
3637
5443
8467
9677
5851
2767
6791
8819
5003
7649
4111
6323
7237
3643
5449
8501
9679
5857
2777
6793
8821
5009
7669
4127
6329
7243
3659
5471
8513
9689
5861
2789
8831
5011
7673
4129
6803
6337
7247
3671
5477
8521
9697
5867
2791
8837
5021
7789
7681
4133
6343
6823
7253
3673
5479
9719
5869
2797
8839
5023
8527
7793
7687
4139
6353
6827
7283
3677
5483
9721
5879
8849
5039
8537
7817
7691
6359
6829
7297
3691
9733
5881
8861
8539
7823
7699
6361
6367
6373
6833
3697
9739
5897
8863
8543
7829
7703
6379
6841
5903
8867
8563
7841
7717
6389
5923
8887
9341
8573
7853
7723
6397
5927
8893
9343
9743
8581
7867
7727
5939
8923
9349
9749
8597
7873
7741
8929
9371
9767
8599
7877
8933
9377
9769
8609
7879
8941
9391
9781
8623
7883
8951
9397
9787
8627
7901
8963
9403
9791
8629
7907
8969
9413
9803
8641
7919
8971
9419
9811
8647
7927
8999
9421
9817
7933
9001
9431
9829
7937
9007
9433
9833
7949
9011
9437
9839
7951
9013
9439
9851
7963
9029
9461
9857
7993
9041
9463
9859
8009
9043
9467
9871
8011
9049
9473
9883
8017
9059
9479
9887
8039
9067
9491
9901
8053
9091
9497
9907
8059
9511
9923
8069
9521
9929
8081
9533
9931
8087
9539
9941
8089
9547
9949
8093
9967
8101
9973
8111
8117
8123
8147
8161
8167
8171
8179
8191
4457
4463
4481
4483
4493
4507
4513
4517
4519
4523
4547
4549
4561
4567
4583
4591
4597
